This is the mens odds. Find your number of tickets to find the odds. 
 The columns are your tickets (points), the odds of a man with that number of tickets getting in, the number of men with that exact tickets/point-score to apply, and the expected number of men with those tickets to get in. 
 
      tickets_per_applicant odds_of_selection applicants num_people_taken
 [1,]                2.0000            0.1387        183          25.3875
 [2,]                2.5439            0.1731          1           0.1731
 [3,]                2.6369            0.1788          1           0.1788
 [4,]                2.8109            0.1894          1           0.1894
 [5,]                2.8284            0.1905         12           2.2858
 [6,]                3.3863            0.2236          6           1.3416
 [7,]                3.6219            0.2372          2           0.4743
 [8,]                3.7819            0.2463          1           0.2463
 [9,]                3.8326            0.2491          2           0.4982
[10,]                4.0000            0.2585         42          10.8563
[11,]                4.1972            0.2694          3           0.8081
[12,]                4.3573            0.2781          1           0.2781
[13,]                4.5055            0.2861          2           0.5721
[14,]                4.7726            0.3002          2           0.6004
[15,]                4.8938            0.3066          1           0.3066
[16,]                5.0257            0.3134          1           0.3134
[17,]                5.2189            0.3233          2           0.6465
[18,]                5.3165            0.3282          1           0.3282
[19,]                5.3863            0.3317          1           0.3317
[20,]                5.6219            0.3434          1           0.3434
[21,]                5.6569            0.3452          5           1.7258
[22,]                5.8326            0.3537          1           0.3537
[23,]                6.1972            0.3712          3           1.1136
[24,]                6.3944            0.3805          1           0.3805
[25,]                6.5545            0.3879          1           0.3879
[26,]                6.6101            0.3904          1           0.3904
[27,]                6.7958            0.3989          1           0.3989
[28,]                7.0082            0.4084          1           0.4084
[29,]                7.0911            0.4121          1           0.4121
[30,]                7.8918            0.4465          1           0.4465
[31,]                8.0000            0.4510          7           3.1567
[32,]                8.4294            0.4684          1           0.4684
[33,]                8.7958            0.4829          1           0.4829
[34,]                9.2404            0.5000          1           0.5000
[35,]                9.8467            0.5223          1           0.5223
[36,]               10.1972            0.5348          1           0.5348
[37,]               10.4526            0.5437          1           0.5437
[38,]               10.7726            0.5546          1           0.5546
[39,]               11.3137            0.5724          2           1.1449
[40,]               11.5835            0.5811          1           0.5811
[41,]               12.2801            0.6026          1           0.6026
[42,]               17.4028            0.7307          1           0.7307

 This is the womens odds. Find your number of tickets to find the odds. 
 The columns are your tickets (points), the odds of a woman with that number of tickets getting in, the number of women with that exact tickets/point-score to apply, and the expected number of women with those tickets to get in. 
 
      tickets_per_applicant odds_of_selection applicants num_people_taken
 [1,]                2.0000            0.5204         76          39.5473
 [2,]                2.8109            0.6449          1           0.6449
 [3,]                2.8284            0.6472          4           2.5887
 [4,]                3.3863            0.7133          4           2.8534
 [5,]                4.0000            0.7721          4           3.0884
 [6,]                4.1972            0.7883          1           0.7883
 [7,]                4.5055            0.8115          1           0.8115
 [8,]                4.7726            0.8295          1           0.8295
 [9,]                5.0257            0.8450          1           0.8450
[10,]                5.5835            0.8744          1           0.8744
[11,]                5.8918            0.8883          1           0.8883
[12,]                6.6052            0.9148          1           0.9148
[13,]                6.7958            0.9208          3           2.7623
[14,]                6.9698            0.9258          1           0.9258
[15,]                7.0111            0.9270          1           0.9270
[16,]                7.0431            0.9279          1           0.9279
[17,]                7.6652            0.9432          1           0.9432
[18,]                8.1589            0.9530          1           0.9530
[19,]                8.7958            0.9632          1           0.9632
[20,]                9.3863            0.9707          1           0.9707
[21,]                9.8157            0.9752          1           0.9752
[22,]               10.0513            0.9774          1           0.9774
